yellow:18.25 20.93 8.18 10.79 5.21 22.95
asian:3.21 1.07 13.9 79.14 0.53 0.53
rise:2.33 53.49 6.98 6.98 6.98 6.98
jack:4.1 0.15 0.15 1.22 0.3 90.88
almond:10.59 25.08 19.22 8.31 4.89 3.42
bacon:29.43 4.69 7.29 4.17 1.04 14.84
japanese:9.8 1.96 43.14 33.33 3.92 1.96
blue:26.42 1.89 5.66 5.66 3.77 13.21
new:21.43 19.64 3.57 10.71 19.64 5.36
devein:8.89 15.56 11.11 37.78 11.11 8.89
herb:43.23 3.87 5.81 12.9 9.03 3.23
floret:19.67 25.41 33.2 16.8 2.46 0.41
active:26.98 7.94 14.29 1.59 7.14 3.17
dry:28.76 6.35 14.35 7.52 18.09 9.42
smoke:15.85 13.41 6.1 7.32 2.44 32.93
golden:13.77 36.23 9.42 9.42 5.8 2.17
blueberry:6.25 3.13 6.25 3.13 15.63 9.38
warm:16.67 15.77 19.37 13.06 5.41 7.66
pecan:25.27 6.59 10.99 4.4 12.09 8.79
root:1.02 34.69 31.38 29.34 0.51 0.26
vodka:24.39 9.76 17.07 9.76 4.88 12.2
honey:6.95 7.06 34.08 23.43 7.51 7.85
hot:15.07 12.01 21.08 20.47 2.82 23.65
pizza:50.34 4.76 2.72 15.65 11.56 6.12
salsa:0.83 0.21 0.21 1.66 0.21 96.48
green:8.53 21.07 20.66 20.64 4.42 21.01
wing:3.57 2.68 58.04 29.46 2.68 1.79
wine:21.84 2.49 38.98 4.32 10.52 1.72
sprout:6.0 4.0 36.67 47.33 2.0 0.67
avocado:2.94 1.41 1.63 5.33 1.85 83.24
coffee:3.7 14.81 1.85 11.11 7.41 9.26
bread:33.86 6.56 1.51 4.07 11.31 2.19
meat:13.98 12.19 19.71 16.13 4.3 24.37
thyme:23.63 3.26 1.47 2.0 9.14 2.42
chuck:11.92 3.97 3.97 11.92 3.31 46.36
roast:12.32 5.68 16.21 32.74 6.74 15.68
rosemary:46.58 0.33 0.98 1.3 18.24 0.98
meal:17.11 27.63 2.63 5.26 5.26 13.16
bone:52.83 4.53 12.08 5.28 2.64 12.08
allspice:6.84 34.19 2.56 4.27 20.51 17.09
turnip:4.44 33.33 40.0 4.44 2.22 2.22
extract:4.01 4.2 8.03 3.1 6.39 8.76
whip:8.02 12.21 1.53 1.15 4.58 10.31
free:14.1 11.28 23.33 11.28 10.0 16.67
raisin:9.25 51.98 3.52 3.08 6.17 10.13
sprig:9.52 8.06 6.96 17.95 6.59 20.15
soda:5.82 17.46 40.74 9.52 11.11 7.94
lettuce:10.52 1.56 12.29 23.02 13.96 31.35
spinach:27.49 21.65 8.03 8.64 22.26 6.08
top:6.15 4.62 21.54 15.38 3.08 20.0
cereal:23.81 38.1 4.76 9.52 9.52 9.52
skinless:25.49 9.97 18.89 15.42 4.56 21.59
ginger:0.35 36.55 39.09 22.93 0.07 0.13
seed:3.48 69.22 13.7 7.4 1.3 2.82
mint:8.82 23.7 3.2 42.78 17.64 0.99
grapeseed:12.5 14.06 20.31 28.13 1.56 15.63
peppercorn:2.35 31.88 33.72 13.93 1.17 4.19
pineapple:1.9 9.52 29.05 37.62 0.48 16.19
sugar:4.11 9.51 28.12 27.76 2.7 4.16
celery:36.7 6.4 20.81 8.37 6.28 6.9
chipotle:1.82 1.52 0.91 0.3 0.3 93.62
rice:3.47 14.15 38.55 31.21 2.14 9.22
de:5.99 11.98 5.39 3.59 0.6 36.53
bay:14.99 33.18 3.89 4.35 3.43 10.18
steak:6.58 2.12 30.57 32.06 3.4 14.86
nut:4.87 47.08 16.88 18.51 3.25 3.9
best:44.59 1.35 1.35 2.7 12.16 25.68
finger:39.06 14.06 25.0 9.38 1.56 4.69
yogurt:1.34 76.83 0.51 2.27 14.83 2.16
nonfat:22.09 44.19 1.16 2.33 15.12 5.81
country:20.93 6.98 15.12 3.49 4.65 19.77
cod:9.38 12.5 9.38 18.75 9.38 25.0
cherry:27.72 5.06 5.81 12.36 23.41 10.67
beetroot:17.02 31.91 17.02 8.51 12.77 2.13
beef:11.15 4.27 14.59 9.22 4.75 33.24
parsley:61.19 2.85 1.4 2.57 13.9 1.82
beer:6.48 2.78 7.41 5.56 1.85 59.26
basil:42.78 1.0 1.6 40.95 6.14 0.5
mushroom:18.82 2.48 35.9 16.95 3.28 5.56
chily:0.98 33.89 2.83 11.38 0.2 50.0
chile:1.45 18.76 9.09 33.0 0.32 36.75
chili:1.34 28.96 19.73 26.33 0.28 22.82
in:26.57 4.29 6.57 3.14 4.57 46.29
vegetable:5.45 22.79 29.31 19.9 1.7 14.88
hand:7.69 15.38 7.69 23.08 7.69 30.77
garlic:16.61 16.56 18.29 17.65 7.24 16.43
tuna:39.81 2.78 12.04 14.81 11.11 3.7
butter:14.79 11.47 5.55 14.36 4.98 7.69
roma:21.23 8.94 1.12 7.26 13.97 44.69
kale:37.35 16.87 9.04 14.46 6.02 7.83
spread:32.98 3.19 1.06 2.13 7.45 27.66
shoulder:4.82 8.43 30.72 10.24 7.83 32.53
old:16.0 0.8 6.4 2.4 2.4 68.8
basmatus:1.95 80.13 3.26 8.79 1.63 3.91
purple:16.71 13.25 3.53 12.98 24.12 24.39
ice:5.88 19.61 8.33 16.18 0.98 9.8
peel:7.66 20.89 33.29 21.45 4.74 6.27
corn:2.28 3.85 39.27 6.5 0.83 43.49
plum:23.08 14.45 13.52 10.72 10.02 16.78
loin:2.36 5.51 47.24 21.26 7.87 11.81
finely:19.5 28.5 1.5 3.5 12.0 23.5
virgin:42.36 4.52 2.26 5.62 20.17 7.21
medium:5.84 7.66 23.72 39.42 5.84 9.12
rotisserie:19.0 4.0 6.0 10.0 4.0 53.0
baguette:1.58 0.18 0.53 1.41 1.41 0.18
no:22.58 9.68 6.45 9.68 3.23 41.94
tip:6.9 10.34 13.79 20.69 20.69 6.9
leek:12.35 4.71 25.29 7.65 7.06 1.18
potato:14.01 37.29 5.56 9.27 8.75 8.97
skim:45.38 9.23 6.15 6.15 7.69 14.62
milk:7.09 22.96 3.72 34.0 2.84 8.33
grape:27.38 3.42 2.66 6.46 36.5 14.45
brown:5.17 15.8 24.97 35.32 1.91 7.65
string:22.22 11.11 16.67 22.22 11.11 11.11
yeast:20.69 8.43 15.33 2.3 8.81 5.36
cook:13.89 11.7 21.96 13.49 6.57 24.09
nectar:6.25 15.63 14.06 31.25 3.13 20.31
quick:45.0 5.0 10.0 10.0 5.0 15.0
round:4.0 5.33 14.67 14.67 33.33 14.67
pork:6.37 2.86 55.67 17.71 2.2 10.69
bake:9.56 17.62 25.5 5.37 10.4 13.42
chicken:21.28 9.91 20.79 14.97 4.38 21.59
substitute:9.09 4.55 18.18 27.27 4.55 18.18
fillet:10.49 16.74 16.74 29.69 6.92 9.38
water:8.42 21.72 26.43 15.09 5.16 10.78
cinnamon:1.82 52.54 7.95 5.07 8.78 11.13
extra:38.84 4.76 3.99 8.42 18.67 8.48
radish:7.04 7.04 12.06 24.12 3.52 35.68
chocolate:1.56 2.01 3.35 1.12 1.34 14.06
olive:33.68 7.46 3.04 6.18 20.43 15.57
soup:14.71 1.61 6.9 3.91 2.07 34.71
sour:4.26 2.87 1.74 1.13 2.43 80.63
can:18.5 14.45 4.05 13.29 5.2 33.53
meatball:46.43 3.57 10.71 14.29 3.57 7.14
pickle:9.4 12.82 15.38 15.38 3.42 23.93
heart:47.73 0.57 2.27 5.11 26.14 3.41
chip:2.51 1.5 1.25 1.75 2.51 80.45
pink:13.64 18.18 13.64 4.55 4.55 13.64
flank:5.49 0.61 37.2 34.15 3.66 18.29
pure:1.8 6.31 4.5 2.7 2.7 9.01
liquid:7.32 10.98 14.63 26.83 6.1 26.83
vidalium:20.0 8.57 5.71 11.43 14.29 17.14
curly:38.46 7.69 7.69 15.38 7.69 7.69
non:3.64 10.91 1.82 1.82 3.64 69.09
half:35.62 8.43 9.38 9.8 4.43 19.07
not:40.0 2.22 2.22 2.22 6.67 15.56
ketchup:4.18 9.21 52.3 21.34 0.42 5.44
soy:0.37 0.87 71.16 26.11 0.11 0.34
granule:10.26 10.26 12.82 7.69 10.26 20.51
cheese:33.34 1.55 0.44 1.3 14.97 31.24
long:7.21 12.91 21.02 13.81 7.21 35.14
rind:5.45 7.27 5.45 56.36 9.09 7.27
white:14.58 7.91 26.23 12.58 4.61 16.32
season:46.57 1.27 4.47 2.68 11.7 30.85
wide:11.63 4.65 23.26 44.19 2.33 11.63
iceberg:8.76 2.92 23.36 13.14 7.3 41.61
oats:13.89 27.78 16.67 16.67 5.56 2.78
crack:32.41 8.7 7.91 8.3 12.65 13.83
and:32.37 4.56 10.37 6.64 8.71 21.99
coconut:0.73 31.88 3.66 59.29 0.55 1.42
pastry:5.11 5.11 7.39 3.41 9.09 0.57
salt:16.83 21.13 12.36 10.27 7.51 16.35
recipe:16.67 8.33 8.33 16.67 8.33 8.33
mince:12.07 12.71 33.79 18.34 6.44 11.99
dice:23.9 14.89 1.49 2.81 6.37 46.82
black:18.72 14.92 12.3 7.31 10.71 24.53
pumpkin:5.97 23.13 5.97 22.39 4.48 14.93
cumin:1.64 54.6 1.15 3.37 1.41 37.25
tortilla:0.7 0.76 0.54 1.52 0.92 95.5
kernel:5.18 4.53 3.24 5.5 0.65 79.29
paprika:15.69 32.71 3.72 8.64 4.92 26.2
cleave:1.84 72.65 8.78 6.53 2.24 4.29
s:17.88 1.32 1.32 3.31 2.65 19.87
berry:17.74 16.13 11.29 3.23 12.9 9.68
pod:0.92 81.54 8.0 7.69 0.31 0.31
turkey:33.16 6.05 11.32 13.42 7.37 22.89
worcestershire:16.22 4.5 11.71 12.61 2.7 13.51
superfine:4.17 2.08 8.33 10.42 2.08 8.33
squash:17.65 14.88 5.54 31.83 3.81 18.69
criminus:32.56 4.65 13.95 9.3 16.28 6.98
crumble:8.24 0.75 0.19 0.56 80.52 5.43
crumb:61.32 8.16 1.58 8.16 7.89 3.16
creminus:31.58 4.21 10.53 12.63 1.05 9.47
oil:15.85 15.88 26.92 14.74 7.83 11.29
fruit:6.25 25.0 4.17 22.92 6.25 8.33
drain:35.77 1.46 5.84 2.19 7.3 42.34
broth:19.4 7.0 21.24 15.17 4.78 19.4
nonstick:7.41 9.26 3.7 1.85 12.96 53.7
summer:22.22 14.81 3.7 18.52 7.41 18.52
flavor:6.74 4.49 24.72 10.11 6.74 39.33
cilantro:0.72 19.83 6.71 30.31 0.21 41.38
cayenne:5.26 47.61 4.88 10.9 1.53 24.19
dark:0.14 3.15 66.19 16.91 0.14 3.44
clam:28.21 2.56 10.26 21.79 3.85 6.41
roll:28.74 4.98 19.92 11.11 4.6 9.2
table:13.33 15.56 6.67 8.89 4.44 11.11
wheat:21.15 16.83 8.65 7.21 15.38 23.32
zest:16.63 4.37 11.43 22.87 18.5 7.07
on:28.0 18.0 10.0 12.0 6.0 22.0
of:12.76 6.5 1.39 4.41 8.82 32.25
chop:11.18 18.54 7.3 18.46 6.91 29.01
chive:17.65 1.96 23.86 14.71 1.96 4.9
unsalt:12.91 8.48 5.75 7.62 3.65 4.2
whites:8.52 2.84 28.38 5.46 4.15 3.93
anise:3.92 19.93 50.98 16.67 1.63 1.31
low:12.29 11.97 29.72 16.22 4.9 13.57
unsweeten:0.6 16.42 3.28 50.45 0.6 9.55
spice:1.04 8.22 83.16 1.31 0.65 3.52
strawberry:3.49 3.49 3.49 8.14 5.81 9.3
bouillon:11.51 7.19 18.71 6.47 8.63 39.57
russet:18.45 31.07 6.8 0.97 11.65 12.62
all:19.1 7.53 11.96 3.18 5.36 10.64
parmesan:80.48 1.15 0.27 0.98 3.64 1.15
fat:9.89 18.53 9.12 9.7 8.15 30.07
canolum:4.57 23.76 23.36 21.17 1.79 20.58
large:12.49 6.77 16.08 12.84 7.36 8.07
small:24.14 20.69 3.45 4.6 16.09 6.9
crush:33.91 14.77 14.66 19.35 6.52 7.54
eye:5.08 37.29 6.78 25.42 11.86 3.39
pearl:16.22 6.76 8.11 16.22 6.76 1.35
flat:79.9 0.89 0.4 0.89 6.73 0.59
couscous:40.38 19.23 5.77 3.85 23.08 3.85
stick:1.83 56.96 13.55 14.47 4.4 5.31
uncook:25.0 8.33 4.17 12.5 16.67 25.0
grill:19.05 9.52 19.05 14.29 4.76 23.81
hamburger:13.79 3.45 6.9 20.69 17.24 24.14
dress:62.59 0.35 3.32 4.2 12.24 10.14
freshly:37.53 6.3 6.66 6.17 7.14 9.32
goat:19.08 3.82 0.76 4.58 6.11 12.21
short:9.86 4.23 30.99 22.54 4.23 25.35
halibut:2.17 15.22 10.87 36.96 10.87 15.22
egg:13.52 4.79 21.11 9.81 6.15 7.86
turmeric:0.37 92.37 1.1 5.79 0.09 0.18
dough:20.72 8.56 6.31 5.86 31.08 7.21
style:44.5 0.46 10.55 2.29 10.55 27.98
sodium:12.19 3.26 40.75 20.98 3.05 10.13
boneless:23.82 9.45 20.43 15.14 4.4 22.04
sauce:6.34 1.51 42.52 36.14 0.85 10.02
food:21.15 24.36 14.74 3.21 6.41 12.82
heavy:14.54 15.05 1.4 2.04 0.89 4.85
fish:0.12 2.34 5.61 89.71 0.35 1.05
hard:18.46 23.08 24.62 3.08 3.08 1.54
reduce:11.01 2.94 27.34 17.61 2.39 28.62
base:25.71 5.71 14.29 14.29 8.57 20.0
pur:4.35 55.9 6.21 8.07 4.97 10.56
thread:17.65 34.12 16.47 11.76 2.35 1.18
scallion:3.95 2.73 55.45 25.39 2.8 8.82
syrup:6.88 7.8 20.64 21.56 0.92 4.59
banana:4.17 22.92 8.33 21.88 10.42 10.42
store:11.76 11.76 37.25 5.88 5.88 9.8
part:63.37 3.96 8.91 2.97 4.95 10.89
believe:43.24 2.7 2.7 2.7 5.41 13.51
arborio:57.14 5.71 2.86 5.71 11.43 11.43
juice:9.4 13.84 6.94 30.79 14.01 17.43
sherry:10.26 1.5 60.26 4.06 1.92 1.92
zucchini:29.17 6.94 9.13 17.86 12.3 17.46
seedless:12.5 15.63 10.94 25.0 20.31 6.25
english:11.33 5.91 7.39 33.0 35.47 1.48
salmon:6.49 23.38 13.64 27.92 7.14 3.9
chard:22.22 18.52 5.56 11.11 11.11 11.11
fine:15.05 12.9 15.59 5.38 4.3 8.6
less:12.58 3.77 34.59 13.84 8.81 10.06
breast:24.26 7.72 18.56 16.04 4.9 23.36
granulate:8.25 4.33 11.34 11.13 4.54 5.57
dijon:29.86 3.84 4.38 4.11 10.14 1.92
sea:17.72 13.81 12.81 13.51 5.51 11.31
spray:14.24 10.84 11.49 9.06 11.65 26.86
eggplant:20.74 24.15 16.48 19.03 12.22 0.57
whole:14.78 22.82 3.77 3.57 8.23 23.51
bell:21.65 5.72 14.67 22.08 8.8 23.23
scallop:12.5 5.0 26.25 37.5 2.5 3.75
buttermilk:24.47 14.89 6.38 14.89 3.19 11.7
secret:27.27 4.55 18.18 9.09 13.64 13.64
coarse:20.34 13.39 8.98 7.97 7.29 17.12
panko:41.33 4.0 12.67 21.33 4.67 8.0
firm:0.71 9.64 42.14 43.57 0.36 2.86
sesame:0.29 2.73 76.44 18.73 0.76 0.38
pack:40.7 4.65 8.14 19.77 5.81 2.33
rib:27.34 6.51 29.43 11.2 5.47 7.29
sliver:10.2 29.59 25.51 6.12 6.12 4.08
cucumber:8.34 8.98 7.88 31.53 37.31 3.21
purpose:18.94 7.56 12.0 3.2 5.38 10.6
lower:13.64 2.27 32.95 34.09 3.41 9.09
noodle:7.5 1.46 43.52 43.23 0.97 2.43
grind:12.2 35.12 9.46 7.58 7.18 19.17
swiss:12.92 4.49 2.25 4.49 3.93 5.06
cheddar:7.52 1.38 0.42 0.74 0.95 76.91
margarine:8.11 24.32 5.41 2.7 10.81 16.22
cut:40.48 2.38 19.84 2.38 0.79 9.52
horseradish:9.09 12.12 12.12 3.03 3.03 3.03
spring:4.9 5.59 53.85 30.42 3.15 1.05
yolk:4.33 1.65 4.33 2.47 5.98 1.65
palm:2.15 2.15 2.69 90.32 1.08 0.54
pea:11.25 32.73 29.43 18.64 1.25 2.73
stew:23.64 13.64 6.36 7.27 7.27 30.0
agave:6.67 13.33 15.0 33.33 3.33 20.0
tofu:0.72 8.11 43.44 43.68 0.24 2.86
homemade:22.45 12.24 12.24 10.2 6.12 16.33
up:38.89 5.56 22.22 5.56 5.56 11.11
dill:9.75 3.61 2.89 5.05 64.98 0.36
lemon:20.8 19.68 4.98 8.94 28.52 2.28
peach:5.66 20.75 9.43 3.77 1.89 15.09
mayonnaise:22.34 2.82 7.38 17.57 7.81 18.87
mustard:10.61 56.45 7.68 2.72 3.42 1.26
quinoa:19.07 14.43 7.73 12.89 14.43 29.38
slice:21.68 5.99 18.18 15.88 7.99 19.28
e:4.32 55.56 6.79 8.02 4.94 10.49
fresh:14.41 16.73 13.12 24.72 9.35 11.3
soften:15.56 4.44 4.44 8.89 13.33 13.33
peanut:0.54 5.47 31.45 60.94 0.34 0.73
asparagus:24.14 2.87 27.59 16.09 5.75 1.15
button:18.1 6.67 18.1 22.86 2.86 1.9
marinade:1.54 6.15 49.23 26.15 4.62 9.23
spaghetti:64.5 1.0 10.5 13.5 5.0 4.0
sausage:82.2 0.69 6.77 0.46 0.57 6.2
tarragon:22.01 0.63 1.26 3.14 1.26 0.63
toast:5.53 4.02 60.47 19.1 2.35 1.01
leg:6.12 34.69 17.01 14.97 17.01 2.72
vinegar:13.68 5.72 36.0 20.15 9.65 5.62
apple:12.75 12.98 15.21 10.96 2.91 10.07
wedge:3.12 11.7 3.12 38.79 4.09 36.84
lime:0.75 6.83 3.11 54.34 0.23 33.7
baby:24.24 10.77 22.05 19.87 11.78 3.87
salad:57.54 2.23 6.7 8.66 14.8 4.19
mozzarellum:73.57 0.75 0.3 3.75 3.45 8.71
carrot:15.55 12.58 23.36 30.54 2.81 5.45
shrimp:6.2 7.91 23.26 46.9 5.05 6.86
lamb:1.14 40.68 3.04 3.04 46.01 1.9
stock:13.82 9.65 25.33 18.46 2.86 14.9
cabbage:2.05 6.69 49.32 26.37 0.96 12.57
tomato:24.13 22.91 2.01 4.96 12.54 28.34
light:5.42 5.88 40.63 30.97 1.84 7.35
thigh:17.38 20.06 20.65 17.98 2.97 13.67
artichoke:57.04 1.41 0.7 0.7 16.9 1.41
butternut:16.36 17.27 4.55 33.64 0.91 21.82
orange:12.91 4.81 33.1 11.4 6.32 12.77
flour:12.93 12.34 12.52 4.07 4.32 25.82
coriander:0.71 59.02 4.66 21.93 0.44 12.43
cider:12.92 14.02 22.14 13.65 3.32 20.3
chunk:18.42 10.53 39.47 23.68 2.63 2.63
lentil:8.82 63.07 0.98 3.27 5.88 3.92
red:17.78 18.03 13.61 26.65 7.72 10.68
tumeric:1.24 89.15 0.78 7.29 0.16 1.24
organic:9.84 26.23 11.48 14.75 3.28 16.39
shred:19.43 2.32 3.83 9.16 1.39 56.09
condense:8.43 5.36 2.3 8.05 1.53 32.95
wrapper:1.02 3.55 76.14 13.71 0.51 4.06
boil:9.58 22.92 31.67 10.0 6.25 3.75
shell:24.66 4.57 6.39 10.96 6.85 33.33
shallot:12.78 7.69 10.93 39.91 3.24 1.85
confectioner:2.84 1.7 3.98 0.57 3.41 6.25
pinenut:55.77 4.81 6.73 3.85 17.31 0.96
clove:13.45 20.35 17.13 19.11 8.24 13.05
mix:18.75 5.92 7.24 8.88 4.28 37.99
lipton:23.08 15.38 15.38 7.69 11.54 11.54
romaine:15.99 0.94 10.34 15.05 28.53 20.69
granny:19.05 17.46 12.7 4.76 1.59 3.17
with:24.81 5.26 24.81 16.54 5.26 16.54
cube:6.31 27.03 10.81 14.41 0.9 21.62
starch:1.71 2.31 78.38 9.23 1.12 1.91
bean:9.88 6.85 16.36 10.25 3.28 43.92
molasses:8.43 50.6 22.89 8.43 1.2 3.61
nutmeg:9.21 23.79 4.35 4.35 12.02 2.05
freeze:17.22 17.73 11.86 8.29 6.76 25.13
powder:6.6 33.8 17.72 5.93 2.42 26.55
cold:3.35 12.92 46.89 10.53 3.83 6.22
cauliflower:10.03 65.22 4.68 9.7 2.01 5.02
cornmeal:21.25 27.5 1.25 5.0 1.25 28.75
garbanzo:15.62 53.15 0.5 4.03 21.41 3.53
instant:9.48 7.76 12.93 0.86 6.03 10.34
kosher:21.23 14.25 13.13 12.24 5.54 19.13
grain:11.25 13.3 20.72 7.93 7.42 32.23
oregano:24.58 0.63 0.44 0.69 41.73 29.79
balsamic:43.65 1.24 11.15 3.41 15.79 3.72
plain:2.98 71.59 2.67 2.83 12.87 2.83
vanilla:2.03 3.81 4.95 2.79 4.57 8.38
wild:28.57 4.76 14.29 9.52 2.38 14.29
arugulum:49.62 5.26 3.01 5.26 9.02 5.26
cream:10.63 9.22 1.79 3.73 2.76 40.93
broccoli:23.91 4.11 38.65 26.33 1.45 1.21
i:41.86 2.33 2.33 2.33 6.98 11.63
vinaigrette:37.04 2.47 3.7 3.7 38.27 3.7
smith:19.05 17.46 12.7 4.76 1.59 3.17
sweetener:3.7 11.11 7.41 33.33 3.7 18.52
sweet:19.48 9.08 9.08 38.97 3.08 13.82
onion:13.84 19.04 14.05 13.19 7.25 23.74
cutlet:51.52 7.58 9.09 10.61 3.03 3.03
leaf:30.38 22.25 4.24 19.48 4.78 7.11
jalapeno:1.63 12.43 3.43 13.54 0.17 67.61
lean:17.87 3.8 14.07 4.94 10.65 42.97
leav:37.7 4.1 4.1 3.28 26.23 13.93
pepper:21.16 13.36 14.14 14.49 8.8 18.53
pasta:77.21 0.74 1.35 2.08 9.8 7.6
paste:6.23 29.58 12.76 41.13 1.99 5.32
flake:26.56 13.32 18.76 27.23 5.15 4.34
cranberry:22.39 25.37 14.93 4.48 1.49 2.99
tenderloin:9.39 2.21 49.72 18.23 2.21 7.73
cocoa:2.26 3.01 2.26 2.26 3.01 22.56
drumstick:11.36 20.45 29.55 12.5 1.14 10.23
buy:11.76 11.76 37.25 5.88 5.88 9.8
gluten:17.12 1.8 36.04 20.72 3.6 13.51
bun:20.0 7.69 18.46 18.46 10.0 13.08
grate:50.31 6.98 3.26 4.73 7.98 6.36
cake:2.06 1.03 20.62 8.25 2.06 3.09
piece:13.98 37.63 17.2 7.53 5.38 6.45
sirloin:8.51 2.84 34.75 27.66 5.67 13.48
pie:8.33 2.08 2.08 1.04 6.25 1.04
pit:26.89 3.36 3.36 1.26 51.68 5.46
breadcrumb:38.76 5.43 12.4 16.28 8.53 10.85
